-36.52
19.81
7.19
21.89
12.91
-18.41
-28.50
8.49
27.95
-4.027.69
-36.47
18.84
38.71
-15.21
-30.04
17.51
21.59
-17.69
-19.81
7.19
21.89
12.91
-18.41
-28.50
8.49
27.95
-4.063
1.31
-1.47
-5.77
-1.22
10.64
8.27
-10.26
-13.39
5.32
13.19
-3.06
-13.65
4.62
18.20
-1.59
-17.06
-7.26
1.32
11.38
21.07
-7.21
-35.14
4.75
36.61
-12.11
-32.63
23.72
28.87
-29.95
-24.26
30.85
19.84
-29.53
-20.59
22.06
26.39
-5.63
-31.65
-13.27
32.94
26.64
-29.60
-32.91
20.19
31.76
-5.99
-21.39
-5.06
7.74
6.64
-4.39
-2.77
15.11
-0.26
-27.31
3.85
27.37
-12.13
-13.85
26.50
-2.73
-45.24
8.03
58.15
-0.15
-51.88
-4.20
31.49
-7.41
-17.60
25.89
19.32
-36.86
-28.99
36.61
38.16
-26.26
-43.95
6.38
42.44
15.70
-30.19
-25.89
15.84
20.19
-14.61
-11.99
27.11
14.13
-37.99
-22.65
37.44
25.81
-29.79
-21.14
21.14
16.26
-11.26
-17.47
-1.59
21.64
15.43
-20.61
-26.20
10.93
29.13
2.51
-20.86
-10.28
7.86
7.36
-5.14
0.79
17.51
-5.58
-30.68
6.61
28.82
-8.45
-12.40
11.50
-7.02
-12.64
22.10
11.24
-33.57
-11.41
40.71
16.23
-39.28
-22.08
30.55
23.54
-20.69
-20.87
11.37
18.81
0.20
-20.10
-13.47
22.09
21.62
-22.27
-18.66
25.84
9.95
-37.89
-8.93
49.40
18.00
-46.31
-22.38
32.62
12.63
-26.25
-0.45
31.38
1.34
-34.09
-14.00
24.94
23.87
-12.78
-22.46
11.18
18.42
-16.04
-22.77
10.56
30.65
8.11
-30.25
-23.73
22.68
24.32
-19.98
-16.79
26.84
16.00
-32.67
-27.10
23.07
38.02
0.92
-33.50
-20.46
18.10
22.03
-10.74
-13.78
16.25
9.64
-21.92
-9.17
21.57
6.49
-22.41
-5.12
26.70
7.19
-26.70
-3.71
20.25
-10.71
-14.63
28.60
16.08
-38.55
-22.64
34.41
26.51
-19.01
-25.41
-1.18
23.72
21.68
-21.76
-35.63
18.35
36.19
-16.69
-27.13
16.54
18.77
-12.09
-16.71
0.74
19.11
14.20
-19.22
-25.10
15.00
24.96
-15.76
-18.42
26.41
19.43
-31.88
-31.47
14.79
39.81
16.52
-31.85
-34.91
18.03
29.96
-17.63
-18.40
29.08
16.83
-32.53
-23.68
16.19
28.00
11.65
-22.93
-31.57
14.33
34.19
-12.97
-29.25
15.65
26.74
-10.51
-24.66
-2.57
21.59
15.19
-21.67
-23.96
25.44
30.19
-26.72
-34.90
17.82
36.11
1.80
-29.99
-20.54
17.65
24.06
-7.99
-11.73
10.14
-1.69
-23.37
2.27
35.84
9.34
-34.53
-19.78
20.32
17.41
-10.93
-7.19
17.77
3.88
-28.60
-8.27
27.72
5.54
-18.06
12.59
14.00
-35.69
-23.10
44.60
35.66
-34.83
-35.62
23.52
24.52
-22.78
-18.51
22.22
23.11
-9.23
-29.02
-11.50
28.70
27.05
-23.97
-32.42
19.47
30.78
-15.67
-26.49
9.07
23.17
3.89
-21.53
-19.83
18.83
26.64
-16.20
-18.94
20.06
9.45
-29.52
-10.37
33.62
14.83
-28.27
-10.82
24.15
2.09
-29.86
-1.57
37.95
10.46
-36.91
-16.30
28.92
12.10
-24.97
-5.72
27.70
7.15
-29.74
-16.75
25.20
26.20
-17.01
-27.06
13.18
21.93
-13.16
-21.46
4.80
25.85
16.38
-22.60
-34.79
9.49
34.86
-2.24
-23.79
9.44
17.68
-20.18
-17.02
24.43
13.23
-25.43
-7.48
26.23
7.69
-21.01
-11.66
9.40
8.44
-4.97
2.67
15.87
-12.00
-29.03
17.90
27.58
-27.55
-14.47
41.21
5.95
-49.07
-7.01
44.51
7.59
-32.15
-0.82
20.51
-10.47
-13.33
22.76
12.15
-32.30
-18.06
31.33
26.30
-16.54
-29.20
-3.93
26.00
19.40
-21.72
-27.22
18.97
29.55
-16.36
-27.50
11.22
22.62
-2.05
-17.92
-7.57
18.31
13.73
-27.00
-20.57
32.15
26.50
-18.09
-14.77
0.72
-9.45
-8.40
2.80
21.61
43.06
1.95
-64.35
-40.68
25.23
32.53
21.39
21.69
-22.32
-65.06
-11.68
66.26
49.52
-27.39
-73.22
-35.10
72.98
81.93
-62.25
-84.26
75.83
66.99
-121.81
-75.44
156.09
112.97
-124.78
-134.02
37.22
98.32
29.44
-26.30
-26.82
-21.11
-5.87
19.93
12.73
-3.31
4.16
3.73
-10.74
-13.64
-0.94
14.56
8.10
-15.12
0.45
27.08
-11.95
-36.96
23.22
41.08
-42.63
-59.31
60.09
88.63
-56.37
-96.17
36.16
72.70
-19.19
-48.62
8.58
41.56
1.18
-33.60
-2.11
20.06
-5.01
-22.04
-1.12
39.76
22.28
-49.67
-36.90
36.38
36.84
-0.81
-30.81
-44.61
26.03
83.53
-21.14
-95.83
19.34
68.87
-31.20
-25.74
46.54
1.39
-38.80
7.88
10.00
-21.45
12.80
33.25
-19.79
-31.88
18.29
19.25
-15.85
-3.11
20.91
0.68
-27.63
-18.73
15.38
24.31
7.39
7.18
-5.62
-37.70
-18.86
24.79
28.55
10.07
-12.50
-23.28
-5.40
13.34
7.54
-8.47
-1.29
20.73
3.29
-33.10
-12.09
27.56
7.03
-13.23
20.25
13.11
-52.57
-31.69
65.13
42.86
-55.32
-22.02
50.90
-5.49
-64.51
-9.05
66.35
59.97
-32.32
-88.51
-18.49
58.58
49.34
5.52
-38.26
-48.23
-6.04
33.81
42.15
19.80
-32.05
-58.54
-13.12
50.14
46.31
-11.69
-38.91
-15.11
8.00
0.87
4.03
41.15
18.23
-66.48
-45.00
54.14
46.31
-22.76
-23.81
-2.69
-0.14
18.88
8.96
-42.73
-15.12
73.38
37.22
-75.07
-53.74
33.89
27.80
5.23
25.60
-0.41
-52.01
-27.63
36.33
40.54
-14.01
-46.00
0.20
60.93
22.81
-61.78
-44.01
33.67
29.47
-10.07
14.08
23.58
-39.94
-60.10
18.48
73.17
24.38
-41.28
-35.37
2.63
3.33
-5.71
29.22
45.56
-26.04
-78.19
1.01
81.82
5.20
-79.33
16.16
93.05
-32.98
-100.58
30.58
69.01
-32.80
-15.17
51.71
-11.29
-61.29
-4.03
36.34
27.10
8.18
-23.91
-29.02
-2.61
1.54
19.40
49.19
-4.38
-76.22
-26.15
61.61
41.17
-22.74
-30.01
-10.18
10.73
16.52
-10.49
-7.42
32.51
14.40
-51.62
-45.00
48.77
74.03
-32.72
-79.38
20.92
60.39
-18.39
-34.05
17.11
21.37
-1.69
-14.94
-26.97
-12.27
40.49
49.17
-28.64
-56.13
21.10
30.77
-36.44
-7.03
55.50
6.80
-51.00
-20.34
16.45
18.85
26.18
10.22
-47.43
-40.22
42.96
32.12
-38.97
13.49
59.51
-49.62
-86.44
50.96
85.70
-49.40
-72.07
62.24
81.88
-53.34
-100.90
4.61
87.83
46.86
-39.48
-64.21
-9.32
50.85
29.97
-29.34
-25.53
9.48
14.76
16.05
3.67
-45.00
-47.68
44.63
99.09
4.75
-105.31
-61.99
55.71
74.00
0.08
-43.66
-15.69
13.31
-8.26
-10.86
41.35
33.73
-61.91
-64.65
65.03
83.15
-49.93
-77.90
22.82
58.72
1.88
-41.94
-13.56
32.84
12.85
-30.92
-9.97
31.65
14.21
-23.03
-24.85
0.16
31.96
21.15
-25.90
-18.76
13.16
-9.49
-13.37
38.72
26.78
-44.62
-28.63
35.22
14.22
-31.20
-10.08
27.66
29.09
-6.05
-54.43
-32.41
63.75
60.22
-50.51
-48.27
31.35
3.75
-26.52
26.88
30.03
-8.91
-16.47
-38.38
-21.92
67.06
59.94
-60.50
-70.26
48.40
64.04
-56.34
-77.09
65.02
111.67
-43.55
-129.53
1.02
109.11
27.36
-72.34
-28.64
48.99
18.79
-38.05
-8.88
21.19
-8.62
-1.41
32.88
-2.93
-37.46
-6.37
-3.53
1.44
72.54
35.58
-112.16
-76.60
92.10
77.96
-43.93
-41.16
10.50
5.21
1.47
7.67
-4.90
-7.02
6.42
11.84
-5.39
-32.29
-4.05
57.87
24.50
-62.78
-42.62
42.21
44.86
-26.69
-39.87
37.40
38.04
-58.47
-31.44
70.90
18.67
-69.50
-10.72
45.92
4.64
1.70
7.88
-54.97
-22.84
90.22
35.58
-94.61
-42.82
74.04
40.03
-47.10
-31.36
24.39
24.42
-3.93
-15.38
-12.17
-5.26
9.88
30.38
16.58
-35.64
-44.14
14.94
41.85
5.30
-10.35
-2.58
-21.42
-17.97
30.27
38.52
-12.56
-42.84
-19.56
27.22
50.12
-5.10
-71.43
-10.05
73.97
8.06
-53.93
17.28
34.86
-43.71
-31.64
44.61
28.74
-32.80
-20.52
27.85
13.27
-26.78
-6.03
27.05
5.65
-24.03
-17.85
6.51
28.13
15.29
-27.35
-18.80
24.36
7.08
-18.43
2.36
1.16
-9.84
12.54
20.36
1.29
-22.13
-31.62
5.69
41.71
16.95
-14.28
-23.25
-33.33
-0.81
61.31
44.21
-38.10
-72.46
-19.44
63.78
55.40
-36.34
-40.07
22.00
3.97
-22.91
7.41
11.63
5.47
22.25
-7.26
-49.95
-12.86
45.49
32.67
-17.08
-35.81
-18.01
20.68
48.64
10.25
-60.47
-44.30
46.13
60.85
-16.73
-48.74
-6.08
21.07
11.14
-7.03
-12.81
15.81
27.13
-27.94
-41.69
34.51
34.11
-54.48
-13.69
91.75
13.21
-110.58
-37.99
82.57
56.93
-23.39
-42.73
-28.89
-0.45
47.21
45.96
-33.02
-74.45
5.81
82.99
21.22
-67.62
-39.99
30.05
41.00
4.13
-25.42
-7.43
8.00
-17.28
-0.65
43.48
-1.30
-54.29
8.91
53.11
-18.44
-40.51
16.31
6.13
-5.43
44.94
6.56
-77.18
-21.84
57.98
18.94
-7.13
20.39
-17.30
-57.91
-2.62
47.59
25.04
-3.43
-18.30
-24.78
-0.52
22.06
6.12
-16.97
-2.89
27.69
1.77
-38.07
5.92
31.17
-26.19
-14.65
42.81
4.08
-37.86
2.47
18.63
-13.89
-6.85
22.05
6.48
-15.73
-5.17
2.42
-0.98
4.79
7.51
-4.13
-16.26
-2.94
27.57
14.98
-30.97
-20.13
24.14
7.28
-23.31
13.30
36.82
-20.21
-45.27
7.35
24.35
5.85
21.35
7.50
-60.55
-47.66
66.20
81.34
-36.99
-73.00
-0.23
20.67
11.17
37.38
9.47
-59.06
-32.43
38.39
28.50
0.44
5.65
-32.77
-47.68
45.44
61.87
-44.49
-27.61
56.42
-34.82
-95.64
77.31
135.41
-71.60
-133.88
40.59
87.53
-22.85
-35.30
20.06
10.56
-5.04
-13.78
-36.08
21.03
79.51
-10.59
-83.57
-7.46
42.71
9.57
7.11
2.35
-41.42
-16.98
58.73
35.11
-54.16
-50.43
25.06
47.18
14.06
-24.48
-40.29
1.29
40.85
2.90
-27.62
10.60
23.03
-21.50
-25.78
19.55
19.79
-15.95
-9.92
15.86
10.18
-6.95
-14.29
-12.81
10.77
29.46
-6.30
-41.85
8.98
59.80
-10.34
-75.60
3.44
69.61
0.06
-38.90
18.18
7.30
-55.98
-6.61
75.93
29.86
-47.52
-25.35
5.02
-23.38
-11.21
58.60
64.59
-32.22
-100.94
-25.53
85.50
60.27
-45.81
-64.89
15.47
63.79
5.81
-62.12
-33.45
37.68
59.38
13.28
-57.46
-49.34
35.25
42.41
-30.22
-22.70
44.19
22.53
-43.81
-29.54
24.88
27.21
-16.02
-26.54
27.49
39.70
-40.32
-61.57
35.84
79.48
-14.54
-82.80
-11.12
64.71
28.61
-24.28
-27.43
-23.30
8.03
53.95
11.53
-60.97
-14.03
59.07
2.85
-66.09
1.86
81.95
12.72
-83.20
-31.60
54.16
25.49
-18.73
7.81
12.61
-32.26
-27.30
24.78
22.22
-10.72
10.50
23.10
-35.61
-57.06
24.70
80.30
16.39
-65.17
-59.85
11.73
69.48
38.83
-31.21
-33.63
-15.17
-23.86
18.02
65.65
16.67
-39.00
-35.71
-32.56
7.81
80.53
40.08
-67.63
-55.36
26.23
28.13
-13.66
-5.74
39.28
22.96
-70.02
-62.04
82.04
91.61
-68.77
-94.52
36.32
67.25
