38.40
-39.64
-50.38
37.74
41.35
-18.72
-9.61
6.70
-22.98
-4.83
44.58
9.23
-51.30
-18.47
36.85
25.40
-5.23
-19.15
-20.90
-5.25
11.97
30.12
33.46
-23.13
-73.57
-15.40
70.86
46.55
-33.65
-41.91
-4.46
7.89
19.23
28.53
-3.47
-40.48
-37.00
17.12
77.94
23.10
-90.44
-46.30
72.95
42.01
-43.91
-24.45
16.85
6.05
-1.64
6.54
5.58
-10.71
-24.63
10.42
46.24
-8.12
-58.01
0.86
52.15
8.99
-35.02
-13.99
28.79
19.55
-43.54
-37.54
56.89
58.21
-49.42
-65.20
32.25
68.31
-10.93
-77.85
-21.25
75.97
44.61
-50.99
-32.69
26.42
1.33
-27.56
9.09
41.28
7.78
-36.13
-17.21
13.28
1.86
-2.42
8.84
7.81
12.96
-0.31
-50.96
-33.16
64.94
67.43
-38.82
-71.81
7.86
54.99
-11.76
-59.30
14.33
74.94
33.87
-36.70
-75.00
-39.26
36.97
57.68
31.94
2.46
-46.25
-68.95
4.04
86.49
41.82
-63.64
-63.48
25.47
62.07
16.19
-38.31
-41.37
3.21
30.68
15.45
3.31
-2.07
-28.37
-31.81
24.03
57.52
3.94
-47.33
-26.71
2.45
22.12
42.36
-2.91
-60.71
-4.41
60.49
-0.85
-55.06
-0.03
40.29
12.43
-9.58
-17.88
-25.18
-2.03
35.63
24.63
-18.37
-8.75
13.42
-30.55
-39.13
43.04
55.04
-28.92
-32.92
25.68
3.91
-35.14
-1.03
31.66
13.65
-18.01
-22.55
15.54
26.61
-24.17
-26.06
30.20
19.69
-28.05
-11.24
20.75
0.81
-18.54
11.91
30.60
-16.14
-46.17
0.55
40.94
23.00
-10.83
-26.38
-19.16
4.71
25.92
19.11
-9.50
-29.67
-13.70
29.13
23.35
-22.26
-10.02
9.95
-18.40
4.03
44.33
-8.58
-47.89
0.48
21.91
8.19
15.48
-9.46
-37.94
10.23
36.21
-18.65
-21.46
32.31
11.04
-41.50
-14.30
38.19
26.83
-23.17
-32.82
7.26
18.61
-4.64
6.19
17.35
-15.28
-25.12
6.92
15.61
-5.02
-17.23
3.22
48.96
31.36
-68.97
-86.08
39.88
104.60
3.34
-66.48
-2.65
12.80
-45.99
8.13
97.34
11.71
-116.31
-47.95
102.23
73.57
-68.44
-73.93
30.55
52.44
-2.58
-28.78
-15.92
17.65
32.92
-12.63
-41.79
5.30
29.62
-3.40
-3.79
16.01
-5.22
-29.48
-24.94
9.97
64.73
44.27
-58.06
-76.68
8.40
47.27
24.13
7.53
-11.37
-27.89
-15.93
4.22
21.54
22.82
-6.62
-16.80
-1.65
-15.44
-18.14
34.78
55.89
-16.26
-72.73
-21.53
49.45
45.11
-12.67
-46.99
-6.20
41.77
7.44
-37.47
-5.76
28.90
5.46
-13.70
-2.75
0.11
-2.86
2.01
6.62
9.08
-6.51
-28.48
5.62
48.09
-6.04
-57.60
7.66
50.30
-10.22
-27.48
17.30
2.06
-33.00
5.10
46.07
8.60
-38.04
-17.72
15.26
6.51
-0.37
11.84
-1.53
-24.11
-2.30
30.31
9.98
-29.57
-19.28
18.33
22.22
-1.16
-14.48
-9.12
2.56
7.31
4.62
-1.79
-4.88
-0.17
-1.88
-2.91
13.09
11.13
-18.26
-16.98
14.38
14.65
-12.71
-14.73
15.94
23.69
-14.90
-28.33
10.98
20.74
-13.17
-10.44
21.47
6.46
-31.25
-10.98
37.42
21.31
-31.16
-27.15
9.81
18.37
12.98
0.21
-19.92
-10.88
11.98
5.34
-5.46
7.19
9.23
-17.45
-17.29
23.39
18.55
-23.93
-6.83
20.86
-12.47
-18.57
27.60
17.87
-33.02
-16.59
30.12
13.06
-21.46
-8.73
9.72
7.03
1.77
-6.76
-8.42
2.21
6.73
7.28
0.28
-13.80
-3.80
9.84
-2.25
1.30
13.24
-8.84
-16.42
9.10
6.11
-8.46
7.82
11.26
-11.11
-12.16
1.44
2.29
8.92
16.40
-9.01
-28.35
3.29
22.81
-2.50
-6.56
8.06
-5.58
-12.13
5.65
6.71
1.38
7.78
-3.79
-20.87
-2.75
21.62
10.24
-8.56
-9.10
-10.24
-1.45
22.58
12.95
-20.83
-14.49
10.90
4.06
-7.21
6.58
13.13
-6.10
-15.57
0.14
6.83
-1.48
3.05
9.47
-3.41
-13.12
-3.01
6.83
7.42
5.49
-5.77
-14.73
2.57
14.63
-6.72
-9.33
18.94
7.46
-26.50
-9.23
17.19
6.20
4.56
5.74
-21.07
-17.47
21.79
16.23
-14.04
-1.51
11.13
-15.68
-16.66
25.52
25.03
-25.67
-31.87
17.67
34.35
-5.30
-28.76
-4.29
18.49
7.92
-12.76
-9.06
13.50
7.57
-15.81
-0.24
16.94
-8.92
-14.65
14.71
7.07
-19.29
1.69
23.77
-7.05
-23.63
12.01
18.56
-20.19
-14.61
27.75
14.30
-28.35
-13.46
21.74
9.40
-13.07
-6.29
6.32
8.00
-3.13
-11.55
4.92
11.86
-11.85
-8.03
20.69
1.98
-25.62
6.48
24.80
-17.56
-21.54
27.21
16.58
-32.18
-9.14
33.99
3.08
-34.29
-2.54
30.96
3.60
-21.46
2.73
9.79
-17.54
-4.44
28.96
5.21
-25.86
-0.76
13.35
-13.53
-6.28
24.74
7.40
-20.97
-5.34
9.12
-4.87
-2.53
14.78
3.25
-16.25
-4.14
10.69
-1.53
-5.42
13.82
6.35
-24.54
-11.88
26.40
13.96
-23.15
-8.55
22.33
0.25
-23.50
5.48
20.97
-9.58
-12.98
16.77
5.14
-26.68
-4.14
31.10
6.92
-24.78
-3.58
14.62
-7.29
-9.94
18.24
11.48
-24.36
-14.92
24.20
13.81
-20.15
-4.06
20.59
-7.12
-28.57
8.51
34.21
-1.12
-27.83
-3.60
14.09
-0.40
-6.82
6.84
11.52
-7.43
-18.34
4.81
15.13
-10.02
-4.27
25.35
-1.86
-37.39
1.61
35.63
-5.14
-25.44
15.27
14.42
-24.27
-2.97
27.55
-7.12
-27.35
10.53
25.53
-7.42
-22.31
3.19
19.26
0.32
-17.38
-3.65
15.47
3.85
-11.81
2.16
4.37
-12.00
6.93
18.70
-17.81
-15.96
24.98
5.55
-30.11
2.22
31.99
-2.20
-24.84
1.45
10.68
-5.91
0.64
11.70
-5.67
-14.20
9.17
14.40
-14.68
-14.79
19.99
14.05
-21.00
-8.75
19.11
0.85
-19.74
2.85
22.38
-1.54
-20.11
2.87
11.14
-11.68
-2.35
22.77
-1.02
-28.74
0.57
27.24
-0.38
-18.75
5.11
7.79
-15.33
-2.08
22.99
1.58
-22.13
2.22
18.62
-12.31
-19.67
21.65
21.62
-24.66
-17.01
25.01
7.77
-27.27
-2.46
27.15
2.72
-18.32
-0.73
6.23
-8.18
-4.30
17.16
15.66
-17.36
-28.56
9.19
29.87
-1.24
-17.88
3.57
3.83
-18.06
0.21
32.91
3.54
-33.79
-2.19
19.95
-8.96
-3.34
21.08
-5.14
-23.41
6.33
14.04
-10.59
-1.54
22.12
-5.56
-31.87
9.04
32.09
-13.47
-26.16
16.57
19.08
-17.00
-12.39
19.43
10.32
-23.74
-17.11
22.10
26.71
-12.34
-27.59
2.74
20.16
1.85
-15.25
-5.96
15.22
10.10
-13.19
-6.81
9.03
-5.13
-9.59
16.95
15.38
-22.50
-19.93
22.90
18.99
-20.54
-13.64
17.48
8.21
-16.15
-6.20
16.50
7.31
-15.24
-8.36
11.47
6.45
-9.91
-1.37
14.76
-5.17
-23.59
10.24
28.21
-11.39
-21.64
12.36
7.44
-20.45
1.56
32.55
0.54
-33.69
-2.26
18.54
-9.53
-2.05
27.87
-2.84
-34.98
3.05
28.16
-9.85
-19.46
19.72
14.25
-22.99
-7.85
20.49
1.23
-19.19
-2.07
18.60
8.82
-14.02
-9.50
7.55
-0.14
-4.02
11.66
1.77
-17.86
3.98
19.74
-13.13
-20.65
19.83
19.96
-19.41
-15.83
14.26
10.87
-10.18
-9.03
10.06
11.03
-12.42
-15.12
13.64
18.40
-11.80
-18.44
7.61
15.40
-2.22
-11.47
-3.18
8.10
5.42
-5.17
-1.07
1.92
-8.16
2.57
15.26
-8.40
-14.97
14.07
8.80
-16.63
0.10
15.92
-11.23
-17.54
19.89
22.34
-18.93
-21.29
12.33
11.49
-11.28
-3.03
16.88
4.19
-19.31
-10.70
13.36
13.18
-6.43
-10.42
6.82
8.44
-11.09
-8.98
10.24
7.09
-2.84
1.47
-3.61
-13.70
3.61
21.34
-1.35
-20.64
3.10
14.34
-7.91
-5.14
12.21
-3.48
-14.12
7.06
10.76
-8.75
-2.67
15.46
-3.47
-23.87
5.03
25.34
-6.52
-20.30
9.72
15.63
-11.37
-13.51
9.91
9.64
-7.41
-0.63
6.00
-9.95
-4.91
15.62
2.57
-14.37
0.07
7.82
-1.78
1.29
3.05
-8.22
-3.02
9.48
-0.37
-7.24
5.54
5.85
-6.97
-5.76
2.18
4.52
4.57
-1.63
-7.78
-1.60
5.82
4.40
-0.91
-6.43
-2.55
7.53
0.87
-8.81
4.05
10.66
-5.05
-9.18
-1.21
0.72
10.07
10.55
-16.18
-16.78
17.19
13.74
-13.19
-1.65
9.46
-12.87
-10.75
19.75
13.48
-16.05
-12.36
8.89
8.90
-6.61
-8.10
9.62
9.63
-11.63
-7.57
8.66
-0.38
-2.88
9.19
-1.76
-13.26
3.69
11.85
-3.18
-5.82
2.22
-4.44
-4.01
14.22
6.89
-16.46
-4.04
10.66
-5.94
-2.56
16.39
-2.83
-20.22
5.88
16.69
-10.83
-12.12
17.70
11.67
-20.72
-13.65
17.33
14.66
-12.15
-14.13
10.66
14.50
-11.38
-18.16
7.31
21.21
2.61
-15.94
-8.66
3.56
3.12
4.67
7.87
-2.91
-13.04
-2.78
9.62
4.47
-2.64
-0.87
-2.43
-2.16
5.09
-1.49
-9.08
9.36
13.53
-13.71
-12.03
11.77
3.12
-6.87
7.25
3.65
-12.29
-3.56
9.39
3.33
-2.22
-0.39
-2.84
-2.08
4.04
-0.69
-5.17
7.01
7.80
-9.42
-7.17
3.87
-0.49
4.63
10.28
-7.58
-12.35
3.95
4.35
-0.73
4.99
2.13
-7.48
-5.46
3.86
7.63
1.26
-7.46
-4.50
3.84
4.01
1.86
-1.41
-5.97
0.50
6.47
-1.58
-3.07
1.70
-3.65
-0.28
10.16
-0.53
-12.13
0.67
9.70
-2.06
-5.88
4.59
1.32
-6.93
3.42
8.43
-4.89
-7.41
2.27
3.23
0.50
1.17
-0.20
-2.67
-3.49
0.75
7.66
1.56
-8.42
0.10
5.87
-4.85
-3.48
6.71
2.23
-3.51
0.40
1.14
-3.99
-5.38
2.81
11.84
4.87
-10.44
-10.55
0.27
6.61
9.02
1.65
-11.29
-4.39
9.07
1.91
-4.06
-0.94
-5.47
1.96
15.35
-0.85
-15.87
-0.44
6.81
-3.25
0.86
9.72
-0.69
-11.54
-2.68
6.00
2.73
2.39
0.61
-7.23
-2.96
5.95
1.72
-1.17
1.86
-2.43
-4.54
2.82
3.54
-2.63
0.06
5.04
-1.61
-8.18
-0.39
7.83
2.03
-4.04
-1.34
0.02
1.21
3.00
-3.17
-5.30
4.37
5.85
-2.27
-3.74
-2.14
0.71
6.39
0.45
-8.76
0.02
7.84
0.65
-3.07
-2.46
-2.95
2.49
5.71
-0.06
-3.25
-2.40
-0.98
3.91
1.09
-6.40
3.89
9.57
-8.62
-9.45
8.90
5.52
-5.05
-2.65
-0.81
3.78
5.15
-6.39
-4.38
6.24
-1.04
-1.55
6.31
-5.39
-7.08
9.06
3.08
-5.49
3.34
-1.42
-8.31
3.21
6.78
0.95
1.55
-3.17
-7.97
-0.70
4.59
5.27
4.32
-3.87
-7.32
-3.02
-1.08
7.84
14.42
-4.29
-20.08
-3.53
12.92
5.75
-1.04
-0.22
-5.14
-4.76
5.22
0.95
-7.03
8.88
12.81
-14.76
-14.65
13.13
7.41
-9.31
3.41
8.79
-9.09
-10.01
7.55
7.31
-4.67
-0.48
5.91
-3.45
-8.87
-0.54
7.52
8.91
-2.11
-14.80
-1.45
14.92
0.12
-10.05
4.53
4.43
-9.09
-2.06
10.25
1.40
-7.59
1.20
3.74
-4.95
-0.65
6.88
-0.98
-6.02
0.06
2.34
2.37
3.46
-1.67
-7.40
-4.07
5.01
9.40
1.46
-8.37
-4.66
2.79
1.68
0.84
3.45
0.74
-5.04
-4.76
1.07
5.72
4.18
-2.61
-4.77
0.79
1.39
-3.42
0.50
5.75
0.59
-2.15
-1.20
-5.12
-0.42
9.10
1.31
-8.52
0.14
7.76
-0.53
-7.79
-2.01
5.56
3.96
-0.55
-2.18
-3.89
-1.55
4.59
3.38
-2.25
-2.32
0.27
0.68
-0.36
-0.53
1.39
1.78
-1.43
-3.07
-0.24
3.76
2.74
-5.11
-5.31
6.96
7.10
-6.70
-6.20
4.46
3.67
-2.71
-4.17
1.09
8.20
0.77
-11.24
